18
1 五棵松 1
2 教务处 0
3 图书馆 1
4 教职工活动中心 1
5 职工医院 1
6 大礼堂 1
7 三岔口 1
8 研究生院 0
9 耒耜大楼 1
10 宿舍G区 1
11 宿舍C区 0
12 宿舍B区 1
13 宿舍D区 1
14 行政二号楼 1
15 京江楼 1
16 六食堂 1
17 蔡徐坤 0
18 鹿晗 1
7
1 5 1 7 12 13 16 1.00 0.50 0.25 0.50
2 4 16 10 9 3 0.50 1.00 1.00
3 4 1 9 15 16 1.50 0.50 0.50
4 4 12 6 5 4 1.00 1.00 0.50
5 3 5 14 16 1.00 1.00
6 4 13 14 6 1 1.00 1.00 1.00
7 3 1 18 5 5.00 2.00
52
1 2 0.25
2 1 0.25
1 11 1.50
11 1 1.50
1 7 1.00
7 1 1.00
1 6 1.00
6 1 1.00
2 3 0.25
3 2 0.25
4 5 0.50
5 4 0.50
7 12 0.50
12 7 0.50
11 12 0.25
12 11 0.25
12 6 1.00
6 12 1.00
12 13 0.25
13 12 0.25
6 5 1.00
5 6 1.00
5 14 1.00
14 5 1.00
6 14 1.00
14 6 1.00
13 14 1.00
14 13 1.00
14 16 1.00
16 14 1.00
13 16 0.50
16 13 0.50
16 15 0.50
15 16 0.50
16 10 0.50
10 16 0.50
10 9 1.00
9 10 1.00
9 15 0.50
15 9 0.50
9 8 0.50
8 9 0.50
8 3 0.50
3 8 0.50
9 1 1.50
1 9 1.50
9 3 1.00
3 9 1.00
1 18 5.00
18 1 5.00
18 5 2.00
5 18 2.00
1 admin123
