1.	递归实现2的幂次方表示 - 课堂练习版
【问题描述】

任意一个正整数都可以用2的幂次方表示，例如137=2^ 7+2^3+2^0。

编写一个递归算法，从键盘输入一个正整数，给出其对应的2的幂次方表示形式，并要求按照次幂的降序排列。

规定：2的b次方即2^b， 用2{b}表示，2^1用2表示

【输入形式】137

【输出形式】2{2{2}+2+2{0}}+2{2+2{0}}+2{0}





2.	矩阵的快速转置
【问题描述】从键盘输入矩阵的行、列和非零元素个数，以及若干组数据（分别表示系数矩阵非零元素的行、列和值），即三元组表对应的信息；



为了便于观察结果，请将新三元组表中的每条记录均初值化为0，再开始完成矩阵的快速转置，并根据以下提示按顺序输出相应的内容。




【输入形式】 

  行数m 列数n 非零元素个数t

  t组数据

【输出形式】

   按照行列形式输出该三元组表表示的矩阵；

   依次输出转置后每行第一个非零元素在新的三元组表中的下标；

   根据快速转置算法进行转置，转置过程中，当完成第3条三元组转置之后，再一次输出新的三元组表；

   按照行列形式输出转置之后的矩阵；

【样例输入】

   6 7 8

   0 1 12

   0 2 9

   2 0 3

   2 5 1

   3 2 24

   4 1 18

   5 0 5 

   5 3 7
【样例输出】 

   0 12 9 0 0 0 0

   0 0  0 0 0 0 0

   3 0  0 0 0 1 0  

   0 0 24 0 0 0 0

   0 18 0 0 0 0 0 

   5 0  0 7 0 0 0



   0 2 4 6 7 7 8



   0 2 3

   0 0 0

   1 0 12

   0 0 0

   2 0 9

   0 0 0

   0 0 0

   0 0 0



   0  0 3 0  0 5 

   12 0 0 0 18 0 

   9  0 0 24 0 0 

   0  0 0 0  0 7

   0  0 0 0  0 0

   0  0 1 0  0 0

   0  0 0 0  0 0

