1.	两两相乘再相加
【问题描述】给定n个整数，求他们两两相乘再相加的和。
【输入形式】

第一行 表示整数个数

第二个 输入若干个整数

【输出形式】

两两相乘再相加的和

【样例输入】

5

1 2 3 4 5 
【样例输出】

85





2.	双向冒泡排序
【问题描述】

  改进的冒泡排序算法可以遵循以下思想：

先对数组从左到右进行冒泡排序（升序），则最大的元素去到最右端

再对数组从右到左进行冒泡排序（降序），则最小的元素去到最左端

以此类推，依次改变冒泡的方向，并不断缩小未排序元素的范围，直到最后一个元素结束

【输入形式】

    从键盘输入8个整数

【输出形式】

   输出每一趟的排序结果。

【样例输入】

  8 7 6 5 4 3 2 1
【样例输出】

  7 6 5 4 3 2 1 8

  1 7 6 5 4 3 2 8

  1 6 5 4 3 2 7 8

  1 2 6 5 4 3 7 8

  1 2 5 4 3 6 7 8

  1 2 3 5 4 6 7 8

  1 2 3 4 5 6 7 8 

  1 2 3 4 5 6 7 8